# seed: -341836277
58
39 96
71 66 1
10 99 45 37
84 42 73 64 31
85 21 97 74 18 58
54 73 57 76 81 35 98
56 98 42 7 14 2 62 8
50 16 25 22 11 46 50 60 53
48 24 26 2 44 78 9 65 61 93
61 82 89 66 33 25 75 14 76 37 43
28 1 97 93 59 90 55 76 81 15 53 67
32 77 42 58 88 66 21 4 50 30 64 62 71
84 40 56 40 49 21 52 7 87 87 79 52 67 76
0 46 51 21 72 33 50 83 96 92 73 65 86 39 51
82 23 61 27 85 14 16 58 22 94 58 96 15 58 95 48
15 94 73 44 8 43 49 88 23 72 31 46 94 64 54 51 42
84 53 52 11 28 58 31 14 78 6 18 86 35 2 51 22 19 77
67 2 50 74 20 65 16 48 38 96 17 89 65 90 4 33 61 87 3
2 28 46 66 34 57 71 86 79 46 87 45 6 55 13 78 22 78 17 74
72 64 6 18 62 98 48 81 25 57 89 3 56 84 59 52 42 19 44 66 8
78 89 34 28 68 99 29 98 42 99 8 22 12 18 3 7 18 18 14 64 25 25
79 56 72 48 54 39 54 43 84 55 98 47 76 76 7 77 19 46 7 71 28 75 66
1 79 5 20 67 51 58 87 26 99 29 28 57 98 48 81 0 79 81 68 60 8 2 99
14 75 94 79 90 0 82 83 6 6 76 78 83 96 51 53 48 52 25 84 14 79 42 53 8
64 70 22 81 75 29 72 87 14 94 92 82 51 63 18 95 89 8 82 23 17 64 95 1 34 30
11 31 56 40 60 95 34 22 13 91 23 57 94 44 19 18 63 81 24 91 52 13 16 13 1 69 10
33 63 39 96 21 38 64 87 50 40 37 30 5 73 7 6 31 74 72 67 74 95 6 37 1 87 59 94
91 78 39 47 37 87 18 58 46 77 34 87 53 5 37 11 31 85 23 35 98 47 20 78 93 46 37 57 57
21 22 35 50 11 83 12 80 54 88 70 37 44 87 23 92 81 40 46 27 31 9 21 94 33 76 75 1 70 87
67 28 53 74 89 74 54 63 93 43 32 19 17 2 75 9 49 4 74 97 59 43 61 32 22 52 53 3 78 76 44
18 73 18 12 78 69 30 16 98 11 45 14 39 45 13 81 87 60 52 31 38 41 98 72 28 84 39 85 34 92 60 11
52 62 17 21 67 2 56 29 97 84 86 67 6 46 58 19 85 40 56 97 40 24 11 64 10 85 36 32 61 40 19 53 87
6 7 32 17 77 62 57 70 53 91 91 6 63 85 85 40 89 65 2 38 53 35 12 20 0 78 7 35 87 38 36 53 53 32
93 47 9 61 63 99 94 79 39 35 57 34 7 98 38 94 4 98 96 10 5 56 69 46 60 37 97 17 29 5 31 15 1 22 87
85 52 18 56 99 38 78 15 84 64 77 33 36 7 25 24 17 63 21 4 54 97 22 1 56 8 35 72 8 63 26 66 70 44 89 65
78 36 19 22 49 58 16 73 82 25 34 49 10 6 71 20 61 61 4 92 99 17 64 7 36 59 34 32 12 23 23 78 37 93 14 90 47
99 63 58 53 52 10 93 6 10 86 31 60 85 17 69 94 79 22 90 98 65 63 81 3 76 24 88 31 42 86 74 55 60 42 96 52 91 25
17 40 66 70 4 2 19 57 17 41 60 3 77 47 66 72 34 55 13 65 17 36 54 32 22 45 88 1 63 35 6 99 32 26 23 79 83 92 38
57 95 83 14 38 38 10 93 27 14 76 8 80 99 33 61 4 7 53 33 0 71 79 46 63 3 43 97 62 76 64 46 37 96 90 61 79 34 87 30
26 62 98 81 99 60 29 43 13 21 75 77 84 13 27 18 69 21 74 76 26 3 97 88 93 63 4 39 74 17 87 22 1 98 52 70 1 6 60 81 28
71 59 49 80 75 63 90 59 83 21 32 38 20 44 55 8 41 51 62 43 47 53 32 1 97 3 6 38 55 59 46 80 89 9 76 83 54 4 3 11 40 62
24 41 35 52 23 51 29 69 39 47 36 74 0 78 48 32 52 6 41 42 82 42 88 89 20 35 98 17 7 18 98 51 33 68 8 2 17 97 64 27 74 48 56
65 22 88 14 53 49 29 86 47 58 70 76 2 7 72 79 59 96 27 81 54 99 48 63 41 35 47 57 85 95 28 20 62 51 46 51 71 60 67 12 17 25 28 68
2 94 60 94 33 30 71 18 16 62 58 56 17 7 1 13 91 42 94 78 74 38 21 17 86 31 21 70 61 39 91 25 31 13 24 9 80 7 2 16 33 21 40 56 43
77 87 48 53 46 30 99 41 39 92 73 54 4 90 95 33 77 35 10 6 16 57 89 83 9 71 72 41 21 40 53 18 35 52 97 7 88 4 8 57 67 32 50 55 80 26
5 68 41 66 48 72 10 90 87 98 3 71 78 20 50 17 24 3 51 49 24 28 8 9 99 60 44 81 1 85 99 5 95 87 37 30 82 87 56 39 53 62 82 54 37 1 56
99 5 65 12 45 2 6 13 7 65 62 25 47 57 43 21 39 96 33 45 8 49 8 34 48 84 58 37 75 5 6 43 70 37 92 87 57 59 27 53 76 63 62 51 69 32 27 17
40 22 95 23 91 0 83 32 85 53 27 80 59 80 33 14 23 26 57 58 33 98 97 66 87 23 56 68 36 18 56 5 93 80 84 1 60 24 44 22 63 70 32 99 98 51 8 18 8
13 39 43 44 80 62 57 88 59 65 55 15 0 25 63 80 74 40 86 63 89 78 75 0 29 53 19 11 28 13 67 23 63 91 6 79 20 67 1 35 17 60 84 99 85 43 27 55 16 44
95 75 66 75 68 14 88 11 30 91 51 14 85 95 58 28 25 46 62 80 12 64 79 17 19 72 74 26 11 65 86 44 14 53 35 18 25 48 81 49 79 69 95 5 3 48 68 90 10 72 8
69 96 20 3 21 73 5 39 35 21 38 96 18 13 37 25 38 42 26 11 56 91 99 5 15 94 66 79 2 4 86 23 74 34 9 15 19 61 15 27 20 43 19 46 76 20 50 68 76 62 48 73
43 80 30 68 96 70 86 85 91 92 8 6 87 22 29 46 16 27 30 2 78 10 42 52 54 89 74 99 1 18 75 33 58 57 45 25 40 39 42 44 42 8 53 27 96 8 15 51 91 88 66 41 84
13 29 58 99 22 38 82 83 91 77 94 66 22 62 8 86 97 0 54 90 78 30 30 4 83 7 52 57 27 78 20 44 27 27 0 99 86 88 66 31 18 88 99 58 56 90 83 40 23 15 33 79 26 11
8 29 72 42 96 61 44 42 10 97 23 52 38 6 61 4 11 25 86 31 74 19 41 25 61 45 58 99 27 62 6 35 44 1 23 62 31 59 52 0 56 6 82 80 72 90 72 6 56 73 61 34 34 88 88
94 96 16 42 80 63 15 12 39 59 46 88 53 4 32 81 54 77 69 0 7 63 96 58 13 14 55 4 17 39 77 82 70 88 11 23 66 40 88 47 83 1 82 31 41 45 31 93 36 90 56 64 81 69 34 27
34 48 42 87 36 81 71 97 44 94 28 80 58 64 99 71 30 21 46 95 76 41 77 84 32 2 72 40 23 19 75 92 5 67 56 62 88 47 85 72 53 2 48 39 39 58 84 81 89 95 66 21 17 8 65 48 64
86 58 38 72 89 16 40 25 18 11 77 3 67 76 55 97 71 27 62 56 82 30 88 52 92 86 9 60 22 31 55 0 73 44 27 47 40 12 95 83 90 29 11 43 4 39 14 59 18 53 58 59 20 9 48 50 76 78
79 70 63 44 60 5 24 99 11 6 46 71 49 67 71 92 57 99 10 55 14 81 90 14 70 47 79 10 34 12 6 2 2 1 55 79 32 75 59 99 49 13 32 74 3 88 3 82 95 7 41 95 50 24 67 90 8 45 5
76 5 13 27 62 47 63 38 24 26 10 37 67 6 46 67 1 8 23 53 97 92 11 65 59 15 51 7 41 82 71 13 51 77 7 54 53 70 87 52 44 26 21 34 1 31 26 33 38 24 19 83 98 6 52 2 84 15 88 71
78 73 55 19 28 34 32 52 57 55 45 61 3 16 33 67 16 61 82 96 28 95 86 69 89 11 96 53 13 64 88 94 31 57 83 11 91 53 56 44 28 2 45 5 28 76 62 64 11 31 73 14 16 14 73 40 42 12 41 92 2
81 54 81 43 53 37 61 78 92 48 31 79 30 99 88 23 15 39 88 28 75 63 13 88 68 3 56 76 73 14 24 0 67 63 95 17 46 80 69 92 66 24 96 59 56 60 15 57 20 17 7 17 3 60 7 91 21 94 4 53 37 35
89 90 89 63 30 34 69 68 51 54 36 40 88 74 52 30 4 33 56 15 18 47 25 80 62 58 42 15 37 28 77 52 31 61 27 61 22 34 7 74 15 38 24 87 75 53 14 95 84 99 6 95 61 70 69 52 89 60 38 45 26 92 9
9 23 48 57 70 44 57 87 24 78 19 93 62 59 68 37 22 3 52 38 90 31 30 41 78 43 70 61 30 64 3 53 43 51 60 12 38 35 40 43 48 18 74 11 64 67 83 26 39 42 3 0 99 5 39 47 52 82 95 16 19 82 87 29
81 56 52 3 96 72 4 13 1 24 90 27 26 93 57 17 14 79 57 92 32 46 37 56 69 17 67 21 3 1 33 36 54 35 0 70 41 67 68 87 47 76 16 16 28 29 96 46 48 47 61 71 90 19 12 0 45 15 19 94 92 60 13 32 56
90 29 21 33 15 15 33 54 71 35 14 77 44 83 61 79 87 31 68 84 51 64 95 0 70 2 91 91 88 83 39 27 62 22 73 63 68 29 5 10 71 67 5 50 46 73 1 21 41 40 72 27 43 84 48 63 97 41 46 15 36 75 85 29 80 4
69 68 40 41 33 0 29 9 42 79 94 24 55 21 43 15 29 87 26 18 1 16 4 95 29 45 1 57 48 3 62 38 9 36 68 97 30 46 10 96 88 40 1 66 39 19 75 29 97 52 21 84 40 5 99 96 23 85 26 45 22 58 98 56 86 18 82
19 20 26 24 37 71 72 78 24 65 27 23 33 3 49 92 59 57 41 14 29 81 98 40 26 80 85 94 59 51 95 90 20 31 31 4 91 24 15 14 34 49 57 85 72 96 47 50 88 78 16 9 13 77 9 55 30 18 83 84 34 44 22 23 20 59 69 55
70 90 39 68 52 94 2 27 77 67 33 59 13 81 58 4 73 49 74 14 71 96 83 87 54 73 61 38 99 55 56 55 11 49 6 77 54 57 56 63 52 52 4 84 7 31 95 87 88 93 60 65 35 1 34 34 38 91 6 86 45 72 49 94 90 13 40 36 44
14 85 63 98 19 8 45 34 72 79 98 50 39 60 57 32 27 49 99 2 97 77 88 66 38 10 42 53 59 67 30 82 32 4 30 10 17 8 61 42 76 47 93 60 69 10 22 99 96 17 77 11 91 47 80 38 0 73 81 94 14 45 10 43 45 61 84 20 25 57
53 34 87 46 24 50 50 85 83 68 20 8 39 24 26 16 97 81 76 97 38 37 70 2 13 85 67 37 40 29 63 27 36 48 84 56 67 18 30 54 49 35 13 0 35 46 25 12 59 26 36 98 96 73 84 92 59 26 19 6 36 57 35 57 14 34 0 21 54 50 34
17 83 40 1 60 96 64 20 90 19 87 49 40 21 50 22 41 63 32 93 78 95 98 54 64 81 98 91 21 41 10 85 37 46 99 22 80 18 98 59 51 12 46 98 51 32 25 7 57 21 13 32 59 89 99 47 64 46 66 12 12 56 65 67 71 93 48 21 37 28 89 15
30 91 97 65 36 16 5 60 46 54 50 94 35 6 21 71 88 44 84 57 55 80 7 65 87 13 94 13 33 76 81 79 12 40 10 88 73 79 54 35 77 74 51 77 17 45 2 88 5 57 38 92 1 71 1 42 76 33 27 53 30 25 56 55 77 78 58 24 68 84 5 63 65
12 92 42 69 32 89 40 47 69 5 66 86 70 46 6 15 82 21 84 63 55 32 32 5 54 57 53 16 83 61 80 96 28 77 80 64 98 59 18 53 37 73 47 74 30 62 57 60 91 70 27 75 26 77 0 79 23 63 27 45 32 27 10 15 24 66 93 24 83 31 51 28 36 90
2 45 5 30 60 38 25 8 50 21 82 98 73 87 1 44 57 7 55 14 34 70 25 19 55 91 71 58 81 96 43 44 96 91 52 97 26 90 36 48 88 2 47 15 79 19 78 4 60 43 83 75 79 8 85 19 95 56 70 55 62 48 62 62 33 81 72 76 51 95 59 74 87 91 89
33 48 17 31 30 24 19 50 21 21 78 60 64 61 63 45 18 34 65 56 38 17 89 55 70 7 38 78 98 53 93 80 71 62 78 75 96 93 61 63 68 77 95 37 60 52 40 34 20 79 34 41 34 4 25 27 0 63 39 22 56 19 75 77 81 61 1 87 80 26 20 62 65 94 5 97
8 34 47 26 44 15 1 46 20 37 68 58 25 86 94 3 32 57 4 94 12 63 35 78 56 25 40 87 31 32 45 28 5 65 41 69 11 45 51 99 58 49 42 58 45 80 42 60 77 42 98 64 32 70 24 54 30 12 57 11 58 64 86 24 45 22 68 91 76 58 99 99 61 16 71 82 57
66 48 66 41 80 17 11 31 65 11 39 7 60 44 76 59 88 98 36 73 72 82 88 80 40 39 99 77 66 52 29 84 83 51 28 7 85 83 79 55 96 29 26 63 64 83 19 10 22 54 94 77 93 10 45 61 33 48 14 43 55 55 17 27 87 36 98 82 53 61 77 40 52 46 14 82 90 4
24 22 18 9 98 21 3 84 16 42 53 73 56 69 90 66 73 21 23 19 98 55 58 24 27 89 36 65 80 8 48 26 83 91 46 64 41 88 35 36 78 92 38 56 99 99 4 40 0 66 41 4 21 54 91 3 66 14 72 15 96 1 31 76 28 21 52 51 15 48 9 23 16 97 46 86 45 11 1
37 48 23 43 46 34 8 35 30 11 56 48 96 13 29 11 73 16 81 39 66 63 88 52 71 4 97 56 6 94 52 49 45 68 23 13 61 79 67 95 49 80 14 21 75 12 95 31 10 89 99 68 64 93 19 34 90 32 7 56 90 15 1 27 13 80 51 77 71 84 40 30 28 75 65 86 21 48 5 89
28 44 17 25 97 59 98 33 55 86 51 71 67 99 72 88 31 92 30 21 34 82 30 18 40 18 96 56 62 29 17 47 80 66 86 32 83 90 34 66 70 68 82 96 24 35 7 20 65 23 52 0 95 72 79 57 87 95 7 65 9 40 97 82 25 25 99 1 92 24 25 13 91 8 47 23 14 62 40 59 98
19 34 83 93 11 62 8 51 64 55 39 63 77 39 13 31 95 82 74 29 25 24 45 30 72 82 5 65 37 45 33 66 79 83 36 49 67 54 79 91 59 87 21 96 7 96 46 94 22 31 1 41 36 19 91 72 74 32 21 73 36 43 73 5 79 88 33 19 35 97 30 51 18 32 72 91 71 80 91 26 27 21
53 49 38 66 28 19 80 32 95 37 74 66 72 43 47 20 6 94 99 65 89 35 11 41 90 37 16 19 37 3 47 44 95 25 98 25 93 61 49 47 79 65 47 98 18 1 95 3 65 67 96 55 35 76 69 10 81 17 67 89 24 78 21 32 1 32 97 32 77 41 76 8 26 47 1 7 55 37 99 46 44 58 54
68 89 28 31 80 13 92 36 34 32 66 56 55 65 7 19 70 26 39 91 40 71 69 69 80 82 57 27 12 70 58 48 6 67 61 99 46 64 90 14 89 56 78 98 38 19 74 15 81 50 19 73 62 66 23 45 3 81 68 72 58 75 56 15 22 96 62 92 5 72 95 97 24 89 44 69 27 25 80 25 79 19 10 5
82 23 95 65 15 26 82 44 7 0 12 10 36 2 99 70 12 52 34 18 41 67 80 67 25 93 74 34 50 61 42 77 29 99 83 20 15 66 79 4 16 64 21 82 91 47 92 57 19 24 8 72 46 50 28 91 97 78 96 65 48 86 73 68 58 49 23 95 36 16 72 48 71 91 68 90 41 80 45 20 35 81 36 36 17
5 17 57 74 72 73 27 98 52 18 58 54 61 85 25 59 90 75 56 63 50 85 91 21 20 79 25 4 78 79 62 63 78 24 56 12 8 78 0 76 8 9 43 60 24 55 31 62 94 58 81 89 48 39 64 86 21 88 19 64 35 33 65 73 7 68 54 12 49 70 3 90 66 82 87 52 69 69 24 62 49 88 37 24 89 79
2 14 29 90 50 69 25 10 46 29 28 5 78 82 71 79 25 68 74 70 82 39 88 21 85 59 26 33 53 9 89 8 12 3 77 92 82 43 91 69 44 56 47 39 28 56 15 95 25 66 3 79 84 4 81 53 74 25 39 49 74 94 5 60 99 34 13 70 11 1 13 47 92 53 18 66 12 36 0 22 44 95 71 87 69 32 45
5 2 4 42 4 94 70 64 65 87 35 29 96 5 47 75 47 81 62 95 54 30 2 74 85 97 29 24 53 17 66 59 74 81 95 32 67 79 46 10 15 3 7 0 27 44 90 98 66 39 94 64 64 82 61 25 80 60 15 58 1 96 50 39 36 8 24 17 73 51 5 11 63 19 60 3 65 12 85 45 76 80 8 29 67 40 77 18
99 59 64 63 91 90 73 38 27 3 6 21 33 52 64 24 73 40 90 30 60 6 48 32 48 38 70 32 43 24 27 55 93 32 9 37 31 31 66 91 86 37 28 27 49 0 26 60 49 6 99 13 27 52 0 71 43 41 62 19 76 58 22 59 59 51 87 25 46 63 22 30 74 26 23 84 76 1 63 27 38 88 14 87 78 75 65 7 33
86 14 3 38 30 43 71 64 81 32 43 82 67 72 87 79 51 84 20 99 45 4 66 81 2 82 86 1 27 61 39 29 12 40 76 57 16 9 85 89 25 93 67 65 61 12 15 56 52 57 55 88 34 0 56 9 66 65 60 60 80 2 4 64 60 5 46 38 20 72 36 66 72 70 48 98 70 59 41 14 40 7 85 45 39 95 73 83 21 25
22 96 19 84 60 66 61 73 92 7 38 45 76 91 34 79 64 65 71 96 5 32 40 46 5 52 7 78 18 63 1 52 35 88 94 70 13 82 76 12 47 62 14 3 62 59 10 67 73 78 46 44 64 11 11 70 48 31 48 81 37 48 10 8 69 23 34 36 38 65 57 70 31 54 85 27 21 99 76 20 72 54 24 90 81 15 74 30 86 97 33
19 76 28 56 22 78 35 68 51 20 35 43 94 72 51 21 96 89 62 29 13 56 67 22 18 48 4 24 24 23 11 26 68 67 60 77 42 87 75 6 54 17 63 63 2 86 70 91 6 10 29 57 13 67 27 26 9 73 89 74 15 2 3 50 44 92 51 4 48 76 28 66 94 87 94 48 16 72 57 92 18 33 52 71 77 59 53 30 3 13 46 56
26 24 22 23 12 57 27 83 20 4 52 74 54 74 68 50 10 43 54 78 79 89 18 7 78 89 5 52 2 15 53 1 70 17 73 20 88 65 49 94 66 24 57 68 74 68 44 31 78 55 63 82 26 42 64 51 42 96 59 18 20 59 4 97 84 53 7 57 91 9 20 46 1 65 18 2 31 79 75 56 1 20 82 21 22 65 46 16 82 42 19 62 53
58 36 77 18 96 72 66 33 15 89 98 91 41 10 22 4 70 77 55 0 81 62 33 71 17 11 57 58 73 38 58 36 98 20 8 65 77 64 39 47 53 88 67 46 96 8 34 2 22 1 32 77 4 60 32 6 82 36 31 6 74 66 16 49 53 5 23 9 1 19 40 56 55 80 49 32 44 17 92 72 90 52 99 85 3 86 56 10 36 9 97 90 89 81
86 41 79 83 30 6 40 34 61 92 79 74 51 23 87 2 39 70 50 13 18 64 58 86 59 64 20 21 61 57 58 18 63 3 82 5 68 80 98 52 90 48 71 18 14 76 30 44 10 25 46 62 0 77 35 10 35 83 61 73 11 53 92 85 26 19 80 76 70 7 22 88 67 75 34 95 53 11 29 17 91 44 10 40 19 18 92 88 38 67 83 13 52 1 24
50 85 2 68 44 79 62 30 88 4 70 48 54 0 36 79 75 21 32 95 26 79 90 78 19 91 93 79 16 11 44 22 42 7 68 31 60 88 63 28 87 97 56 34 43 41 91 30 45 40 32 20 90 9 24 89 75 69 76 63 35 69 43 38 31 60 47 32 1 68 8 52 26 3 5 19 21 69 52 60 83 0 48 94 77 5 98 1 29 58 73 34 26 2 43 80
75 24 26 19 3 4 27 60 35 92 2 35 85 99 75 18 78 64 85 35 62 30 74 58 31 97 99 25 72 93 2 3 81 78 78 24 49 55 74 26 79 97 91 47 15 8 15 7 76 10 51 29 75 92 93 95 71 26 31 6 78 54 61 44 9 12 77 80 36 58 78 40 19 58 86 70 86 71 54 25 15 73 56 84 57 16 47 25 35 4 0 36 36 78 8 3 71
85 47 66 32 76 31 80 46 24 97 68 3 66 6 6 49 21 66 62 83 42 44 84 97 85 42 51 41 1 87 23 24 93 50 42 64 98 49 10 48 5 12 41 45 49 76 35 12 74 85 73 67 69 60 63 5 72 46 15 78 74 98 90 66 68 56 96 53 87 64 76 65 22 22 94 37 49 29 84 56 28 0 84 38 18 79 48 97 1 19 57 26 78 48 98 63 30 49
85 31 20 24 16 50 24 83 86 87 29 59 33 27 55 23 43 91 64 25 25 26 48 37 56 83 12 43 52 50 75 16 88 89 45 5 55 73 81 12 81 79 94 27 33 82 87 31 31 59 60 25 15 9 29 81 24 7 5 29 88 95 83 77 57 24 61 94 97 96 7 48 99 12 76 37 65 26 32 91 99 18 41 21 74 69 84 27 90 14 92 16 70 90 83 49 29 8 76
17 74 82 8 23 1 31 34 97 21 93 23 55 63 3 28 8 5 73 9 49 29 89 46 14 21 59 49 92 19 60 31 20 93 71 58 6 58 31 8 7 85 61 98 32 84 15 96 77 2 3 72 77 85 24 2 48 58 43 74 84 3 41 2 96 63 47 47 13 94 98 32 30 40 41 30 26 68 82 54 73 47 71 69 95 87 11 17 83 33 0 42 3 73 98 80 74 0 70 17