# seed: 1078517761
65
30 44
85 3 7
12 56 85 20
43 75 24 72 42
77 57 0 33 14 78
99 32 57 60 27 25 36
12 55 56 14 13 88 36 27
3 71 49 20 58 0 0 15 69
97 40 24 36 35 57 6 61 58 98
27 60 73 3 90 3 76 30 99 78 14
68 34 51 15 77 30 50 22 69 69 79 56
69 80 0 48 98 9 98 40 69 29 93 7 8
41 2 85 77 52 49 19 21 66 27 31 75 73 40
92 3 85 10 12 78 83 84 19 14 59 14 76 44 82
19 15 53 55 83 1 37 50 22 41 85 15 4 4 17 38
42 43 87 71 11 94 35 25 91 88 12 36 81 63 4 27 85
21 24 58 25 5 11 37 1 50 98 69 1 57 12 56 95 35 64
83 66 24 16 97 43 59 84 56 14 23 4 76 73 7 27 0 65 28
39 80 90 31 46 21 62 6 95 72 82 75 41 13 57 12 36 84 2 75
42 55 49 70 94 8 25 8 89 79 33 26 29 79 13 36 63 53 60 35 20
5 8 65 16 9 67 77 44 86 61 77 87 25 7 79 20 12 82 87 10 1 32
31 24 39 69 36 0 70 58 17 99 56 38 63 53 91 97 32 51 33 52 85 81 99
47 6 66 39 29 61 66 68 43 8 77 28 64 48 45 40 13 87 6 32 50 57 22 47
29 7 10 16 31 99 70 63 97 16 57 89 72 33 78 86 9 12 39 13 33 9 7 43 92
38 91 22 53 81 33 81 58 24 41 73 70 30 45 86 22 60 93 52 92 73 60 5 59 23 31
79 87 76 52 40 68 76 99 6 19 14 92 90 5 63 68 44 37 8 54 36 37 62 34 49 25 15
46 88 72 17 65 25 51 44 14 69 68 3 85 83 28 31 65 76 5 78 14 18 72 11 53 86 43 43
19 78 99 8 43 94 0 23 5 92 70 99 84 43 84 42 22 73 76 53 15 16 87 19 52 3 55 19 23
70 55 26 69 91 97 76 59 57 60 16 14 63 62 19 2 67 13 58 21 13 42 76 42 6 66 33 5 58 85
2 6 90 61 11 23 84 81 71 74 72 79 32 60 15 44 58 8 35 94 70 84 19 24 15 10 95 78 81 6 11
72 62 52 60 22 90 22 35 46 52 57 27 78 44 61 67 0 64 94 73 20 98 25 62 45 63 8 61 88 30 19 64
58 32 76 5 5 24 22 35 55 9 46 46 48 35 51 40 61 51 88 51 10 6 76 7 4 33 62 81 71 20 99 98 60
68 74 42 47 12 90 18 10 92 35 13 73 1 79 26 97 77 67 99 12 30 55 5 6 46 26 88 96 51 35 67 71 94 78
18 59 90 0 96 17 1 39 79 86 90 60 48 59 95 46 71 27 59 4 56 4 65 71 0 98 91 15 35 33 42 72 84 74 91
53 82 61 86 94 94 14 23 3 42 34 65 81 33 54 36 31 78 92 21 57 75 25 57 74 1 95 51 29 38 99 49 92 28 90 41
32 5 38 55 8 81 56 27 60 99 62 78 41 80 31 81 56 63 30 16 89 30 77 66 80 18 2 82 99 93 28 68 29 44 53 10 70
5 15 32 75 83 30 4 62 13 21 74 45 90 9 13 24 5 98 19 36 46 32 46 82 65 59 40 86 35 19 17 22 69 49 98 42 40 66
86 90 67 98 80 70 34 4 10 34 95 92 41 3 21 12 11 3 1 99 72 85 86 61 11 72 25 52 11 26 41 91 68 56 38 86 50 13 85
65 21 32 88 78 98 92 30 2 83 24 33 84 47 28 94 87 40 75 79 33 56 82 92 4 34 73 99 68 42 85 65 0 38 50 51 59 36 36 59
51 98 22 44 33 52 90 41 31 84 68 36 0 4 53 60 62 17 52 89 74 70 30 52 84 99 15 0 81 32 81 31 27 26 56 43 4 20 63 8 7
80 71 66 21 4 81 5 88 4 51 13 14 75 88 85 85 26 72 28 30 34 5 6 92 89 47 29 91 71 27 19 31 63 11 9 27 5 14 34 50 16 27
95 10 72 87 59 28 30 69 78 71 13 50 16 12 74 87 3 92 72 87 62 54 53 57 44 88 69 30 53 21 43 51 94 92 3 84 20 24 88 53 3 89 59
74 52 43 33 27 96 61 45 93 34 80 78 85 20 79 68 30 13 40 23 97 98 9 14 33 83 41 2 1 55 18 70 92 0 12 39 60 73 71 24 7 17 66 71
46 64 19 76 71 50 20 92 6 4 17 14 64 48 96 14 37 5 15 59 57 51 75 15 41 1 70 98 4 28 83 7 61 89 58 87 12 96 20 96 37 76 48 79 76
11 36 55 72 10 91 93 95 93 25 1 96 5 98 15 96 44 3 87 89 7 22 90 85 23 81 85 59 53 78 93 41 99 78 66 27 49 16 50 87 10 65 57 51 85 91
90 59 55 83 73 4 37 24 5 54 23 98 42 68 36 31 3 92 10 61 34 97 3 33 48 42 54 80 12 30 71 5 80 37 2 86 55 35 91 13 80 47 80 15 15 24 12
75 38 91 31 38 51 72 55 14 68 19 49 93 89 51 34 68 97 87 78 57 8 49 34 3 62 84 54 21 29 58 58 42 10 8 50 80 53 18 65 14 78 42 99 4 60 95 84
55 49 40 61 27 13 20 38 43 20 30 17 55 3 18 97 59 15 61 7 39 29 59 55 7 97 19 77 62 74 37 85 52 60 91 33 9 41 45 38 48 30 92 69 45 81 22 18 92
21 80 90 52 90 24 55 31 39 2 33 78 66 23 51 17 37 74 56 46 48 56 54 52 32 34 71 60 40 48 8 3 59 32 51 14 24 33 93 27 54 88 20 21 96 38 51 56 94 52
0 86 26 8 15 86 41 44 85 92 54 97 48 29 2 5 38 41 19 6 14 7 83 31 42 94 64 2 55 35 25 2 23 70 12 45 77 97 23 18 28 95 30 16 49 59 42 64 92 98 4
62 53 83 65 33 75 58 59 10 47 59 54 6 95 33 57 21 7 51 88 92 24 35 53 26 44 83 51 71 55 73 70 46 99 39 66 45 48 23 24 55 50 84 19 42 91 28 17 90 74 6 37
99 74 60 5 35 85 10 52 24 92 64 5 77 44 39 96 59 63 48 11 88 1 42 26 28 10 10 80 25 81 92 33 61 64 41 92 58 51 40 22 94 87 62 54 96 79 39 52 39 17 50 61 74
15 17 4 74 30 87 71 89 65 35 26 20 67 98 97 48 78 96 93 5 32 92 4 19 36 78 62 18 59 75 9 13 5 65 21 79 78 0 17 47 53 4 38 39 20 32 81 1 35 96 93 97 8 52
87 49 68 50 46 66 47 75 75 77 10 37 97 28 30 0 54 67 6 59 74 62 17 50 74 32 34 47 37 86 1 26 55 95 27 66 55 25 62 1 19 53 95 19 35 11 46 60 67 61 35 0 86 30 72
37 11 42 6 88 59 61 12 64 85 85 16 13 82 86 1 57 94 58 75 33 1 17 69 31 15 44 69 91 45 93 79 80 44 38 4 77 89 20 6 65 92 59 64 24 99 41 14 60 11 99 75 45 17 51 13
1 98 40 72 12 44 69 32 39 18 42 7 52 68 97 89 10 28 28 62 63 22 22 11 5 86 17 99 17 95 92 65 27 88 91 66 6 88 4 5 15 60 16 16 46 24 27 42 53 42 88 22 39 98 49 87 56
75 24 78 54 5 20 77 16 22 95 14 43 66 8 88 7 42 68 58 27 8 58 86 70 21 49 94 18 21 39 1 42 75 55 40 76 17 63 73 61 7 89 2 81 89 32 79 40 96 31 94 36 25 46 79 92 45 41
55 96 17 15 67 90 53 95 14 11 76 41 93 41 71 96 83 46 20 12 44 13 11 13 87 55 3 88 63 27 78 12 84 95 54 60 7 17 74 8 88 7 70 71 5 92 99 85 12 0 26 25 74 14 34 70 54 72 98
6 0 99 53 56 55 14 50 4 35 22 72 65 5 40 3 0 53 91 38 44 61 96 12 97 96 28 37 13 82 37 22 62 84 74 69 59 64 25 56 78 18 2 37 19 86 30 35 79 65 17 20 88 55 6 86 30 20 90 61
75 20 37 26 15 14 53 70 37 64 11 27 99 72 68 48 54 58 37 21 6 65 63 77 18 46 94 3 19 97 85 65 75 7 31 63 61 81 66 25 60 54 6 16 5 84 68 62 66 29 40 2 36 34 68 78 10 65 96 33 48
87 52 37 75 36 65 13 88 75 24 17 82 19 60 70 94 52 47 2 10 69 89 18 90 58 37 74 11 53 68 58 33 93 83 41 37 71 21 84 84 39 60 54 83 95 26 47 96 83 20 8 86 71 18 56 74 70 88 45 66 25 90
23 34 81 15 58 97 55 21 71 70 64 45 60 73 93 76 57 53 81 60 84 23 38 64 78 89 38 60 71 58 50 53 15 56 34 32 51 64 20 87 52 96 76 39 80 26 53 59 17 32 38 90 43 85 35 87 34 4 95 42 97 57 39
47 32 81 44 92 0 78 19 32 77 48 42 67 1 54 0 53 59 10 66 46 67 68 29 71 45 70 11 21 66 53 33 58 84 51 27 33 1 74 92 4 7 25 98 25 75 54 38 90 27 65 21 93 19 47 90 56 86 99 55 34 11 90 88
72 44 1 27 55 19 94 34 87 93 79 88 7 70 42 30 28 32 6 27 94 96 35 18 50 35 87 24 3 54 93 82 79 32 63 12 97 81 79 26 37 41 70 64 83 83 10 33 6 64 22 96 6 0 56 50 5 10 47 68 31 21 30 18 96
68 26 74 83 56 92 27 98 93 39 45 77 45 17 14 79 81 28 44 24 2 37 33 21 32 29 60 47 3 73 74 91 3 40 5 98 78 15 86 69 74 84 61 0 73 16 70 97 23 32 95 40 18 91 24 93 81 67 33 6 45 5 74 12 38 62
9 9 65 61 38 60 59 27 87 96 73 10 80 30 68 58 37 15 33 38 15 55 73 56 1 13 78 11 3 79 33 73 42 60 12 17 4 13 14 59 99 74 31 25 1 96 26 58 82 52 17 13 81 29 15 92 46 47 70 74 25 28 52 28 97 28 52
16 3 50 93 36 62 65 10 34 64 17 58 85 98 84 33 17 95 29 12 15 99 76 81 52 19 66 42 55 96 9 72 30 76 69 17 70 2 14 47 44 50 86 16 37 62 34 42 37 80 1 80 53 75 65 40 14 54 79 13 74 60 25 64 70 22 63 70
85 64 44 24 33 27 67 8 36 84 62 62 26 24 38 99 10 12 21 62 39 29 57 83 54 1 58 20 49 82 4 8 50 76 3 75 46 49 52 98 49 61 49 96 52 17 72 17 35 56 80 83 9 65 6 85 45 12 56 13 27 68 80 38 60 86 44 52 86
87 45 17 16 33 14 40 43 24 27 1 43 5 95 71 81 53 0 94 25 35 98 70 11 55 3 70 2 94 74 9 83 67 58 14 21 21 62 18 62 20 31 44 50 50 6 15 62 2 96 56 33 51 4 39 18 83 81 42 70 72 90 80 94 69 46 13 5 31 36
91 82 98 64 2 48 11 96 54 37 3 6 33 77 77 55 52 8 73 2 46 0 77 95 0 74 70 83 65 78 44 76 10 78 69 65 99 49 99 9 88 14 81 78 66 1 15 86 58 48 57 33 44 70 95 33 78 97 66 79 16 78 1 95 76 79 3 0 22 61 0
89 30 36 19 28 99 53 67 54 72 55 58 76 94 25 91 73 13 84 44 16 0 76 16 56 39 89 76 48 4 33 77 73 83 73 30 92 55 73 99 78 46 41 45 41 89 42 74 42 57 38 1 84 2 24 39 16 85 44 77 80 25 91 70 17 3 18 73 62 96 22 25
58 49 73 41 46 77 40 74 21 26 36 0 68 13 62 88 34 34 27 81 13 53 89 55 76 62 62 45 62 16 35 87 55 64 4 39 1 34 31 93 89 68 14 18 76 43 98 93 79 72 46 53 67 12 50 92 6 69 27 18 95 80 84 51 0 51 37 38 35 27 7 53 74
4 79 86 52 14 5 45 6 21 15 93 83 41 66 33 84 55 25 15 87 51 37 3 82 26 10 35 72 34 68 32 9 45 56 77 56 39 58 15 87 68 4 8 31 13 54 26 89 60 38 72 40 43 34 13 48 58 92 33 16 21 34 36 85 32 9 26 60 54 12 45 67 93 54
66 23 20 0 35 53 37 0 34 43 22 75 4 34 82 34 49 15 12 18 15 71 83 1 10 20 47 37 58 49 17 48 80 89 98 30 88 37 17 15 9 1 41 5 67 61 18 58 90 73 17 62 63 22 96 69 92 12 5 88 45 77 19 95 34 28 22 55 53 48 72 41 20 96 20
23 60 64 75 57 53 38 70 32 66 6 35 9 45 43 25 26 16 56 95 79 23 36 50 94 90 11 6 24 92 33 94 84 30 88 96 31 57 37 53 91 74 80 10 52 77 23 71 37 18 34 90 11 36 64 76 78 31 17 80 28 0 76 33 82 81 48 93 83 11 48 20 75 29 59 83
7 39 70 87 99 87 49 54 12 84 2 93 76 36 22 29 7 5 44 51 5 64 36 86 14 91 17 63 45 26 12 73 62 39 21 49 82 6 96 93 30 32 28 52 61 26 87 53 63 82 19 9 95 9 73 4 11 56 37 76 91 5 86 9 24 74 72 80 72 97 24 19 0 23 99 95 78
91 3 4 16 8 12 55 73 83 3 10 39 54 13 93 67 45 62 45 94 96 83 5 4 11 35 6 39 14 60 20 73 72 67 47 91 94 70 36 64 82 52 32 82 75 55 11 72 88 83 87 11 16 10 12 75 76 56 8 19 40 21 76 72 86 90 57 76 41 23 81 39 10 66 35 31 8 24
54 66 65 17 58 37 2 89 61 79 24 48 72 43 42 79 2 2 55 9 19 91 72 93 82 46 87 57 62 80 79 56 30 33 36 57 27 66 32 16 95 61 67 2 51 48 96 46 28 83 28 75 23 87 8 61 47 93 1 44 97 46 80 31 98 77 53 22 9 62 15 75 47 46 33 23 75 94 77
25 68 4 18 44 95 57 9 95 56 88 12 43 48 88 18 68 47 62 80 80 92 2 29 89 5 17 74 90 90 88 77 30 47 15 31 61 14 9 2 23 0 71 40 7 68 12 86 81 57 93 29 4 32 2 90 8 17 66 42 19 60 67 85 68 5 18 53 21 45 66 35 25 60 99 25 55 88 31 15
1 24 29 12 46 74 22 53 42 55 97 41 91 19 26 45 22 34 56 30 40 95 89 17 81 12 31 31 11 20 88 74 47 43 98 5 60 89 69 31 29 22 66 44 73 49 74 68 22 89 5 20 55 56 45 36 19 88 23 83 36 12 52 54 92 84 44 80 80 33 4 36 71 19 94 85 90 17 59 58 82
99 81 13 74 80 75 99 71 56 55 19 46 37 95 72 45 61 67 41 6 46 58 62 89 50 31 13 1 12 21 20 79 88 24 39 56 92 51 11 56 3 71 4 3 30 28 92 48 31 51 92 81 41 92 28 43 39 19 36 39 96 99 18 85 92 23 48 93 31 73 79 84 98 79 2 77 59 88 48 46 73 81
53 93 97 90 92 25 81 57 58 66 51 22 87 52 47 48 66 89 41 68 7 53 45 68 98 32 93 71 31 3 17 11 48 11 50 20 74 75 69 89 12 37 77 21 0 44 20 21 32 9 26 21 49 25 19 64 82 79 3 60 43 91 5 3 49 86 25 37 63 17 91 75 92 69 40 50 64 29 68 69 58 89 3
63 10 86 2 73 55 58 65 16 96 94 6 20 5 55 21 66 67 50 7 24 76 20 50 30 32 55 15 96 59 79 87 31 25 33 84 94 62 50 92 47 51 23 28 10 58 93 34 98 5 84 93 90 50 42 98 32 7 46 81 86 33 90 10 57 60 2 34 43 61 38 14 4 80 92 62 70 89 32 0 6 97 25 20
15 75 70 85 98 2 37 25 31 35 3 21 44 95 17 24 24 97 71 97 48 78 12 30 2 35 69 48 90 93 35 57 66 44 52 33 57 25 14 88 92 9 60 83 5 47 30 69 74 11 24 57 91 2 46 26 76 94 91 85 49 34 16 40 55 91 9 64 4 50 55 94 80 71 61 76 80 7 44 87 55 37 97 96 16
99 31 91 6 27 87 7 52 30 65 29 90 2 80 61 52 4 17 55 74 89 24 32 45 72 57 56 53 37 43 68 60 26 4 96 86 51 92 71 11 1 90 76 23 47 5 9 37 21 85 95 56 26 28 52 79 90 56 1 7 2 37 36 94 38 3 11 7 52 2 0 65 86 99 32 43 44 97 15 78 29 61 1 34 68 98
47 2 8 68 77 61 59 8 65 0 44 69 70 22 68 22 94 15 26 16 74 33 80 88 51 69 61 10 26 82 22 40 85 84 22 78 90 67 38 71 17 88 7 86 74 33 81 47 85 73 0 9 2 84 6 16 85 63 85 0 94 65 49 6 7 59 85 43 90 2 37 26 30 90 20 46 51 54 21 62 50 55 49 38 15 6 16
15 74 83 4 10 69 44 15 95 84 83 69 65 70 40 70 2 36 71 46 12 96 11 42 30 92 36 93 22 19 86 77 49 61 27 43 14 22 94 25 31 48 86 81 77 50 39 92 62 21 11 50 30 67 86 58 12 59 64 42 43 96 41 88 77 66 63 97 39 11 67 31 31 83 94 86 35 38 22 47 15 35 30 7 51 10 66 40
98 72 76 47 31 11 61 63 19 93 53 7 52 70 27 17 10 14 39 31 7 85 89 82 88 25 55 22 70 50 95 31 43 26 60 46 20 40 60 29 36 31 11 8 31 31 2 67 48 68 67 77 33 32 20 55 33 80 55 7 45 99 14 25 12 73 96 47 16 18 64 42 11 63 69 4 90 4 80 89 14 33 19 87 40 95 91 5 79
86 53 13 42 32 89 65 59 61 27 63 96 23 51 42 53 21 1 73 3 43 70 0 75 41 86 66 2 18 55 36 6 25 6 32 82 90 86 39 40 67 58 30 76 73 84 45 1 62 57 17 44 38 95 50 4 97 82 57 70 44 74 48 72 40 70 66 77 45 75 62 50 22 41 19 24 1 40 95 51 21 69 80 50 55 19 8 12 72 72
41 59 54 62 89 47 24 25 84 43 81 34 8 97 94 79 99 36 26 41 0 24 42 7 47 13 34 34 47 48 63 36 45 30 96 42 7 87 16 98 16 64 50 90 60 90 11 33 81 40 6 16 16 67 2 5 49 1 93 48 65 67 96 85 50 48 58 6 54 99 20 73 42 36 99 96 18 20 26 31 58 0 63 38 31 93 75 43 19 5 38
33 47 53 61 68 56 75 72 82 70 23 40 80 45 7 57 50 94 20 42 32 41 19 50 70 93 49 35 2 33 55 82 50 78 27 81 12 58 92 57 15 43 88 21 85 86 41 0 62 32 88 76 5 38 31 11 40 78 31 18 62 26 66 69 69 52 0 17 71 64 15 58 11 61 97 70 85 68 93 76 98 88 11 14 1 19 30 53 92 58 68 22
35 70 9 99 44 3 20 60 51 79 68 11 72 92 18 79 59 40 53 61 24 34 7 82 97 70 78 62 98 21 15 97 36 50 74 19 86 9 4 42 96 91 22 52 65 44 16 24 96 81 35 18 83 50 36 95 17 59 49 20 47 15 53 82 86 22 67 70 47 24 12 63 55 59 83 9 70 22 99 78 0 76 56 44 20 76 66 62 97 75 32 68 1
20 45 10 12 41 37 76 91 39 22 20 96 55 42 37 19 96 41 36 66 69 9 15 33 24 42 33 72 13 31 81 38 37 19 3 32 88 36 9 39 25 40 36 59 73 78 97 73 71 17 99 39 15 0 71 39 2 0 55 91 62 38 85 33 80 48 27 56 62 33 93 97 36 46 75 15 70 73 49 54 79 80 5 31 62 18 51 3 62 2 57 21 70 73
14 2 74 35 5 60 20 25 31 51 59 39 89 96 40 77 61 56 69 88 76 33 15 39 64 16 61 11 48 79 60 8 45 37 96 29 66 69 77 11 76 52 17 75 91 96 67 95 36 50 99 32 31 86 89 66 10 78 65 24 57 33 44 94 50 19 84 25 21 83 78 10 68 12 84 95 36 41 51 63 83 44 3 1 31 78 6 81 93 49 55 11 63 54 15
17 24 10 95 51 22 1 42 18 55 55 87 38 0 8 26 89 38 22 99 6 3 76 7 43 25 1 63 12 79 40 45 71 57 60 54 96 37 17 98 94 12 58 10 1 88 4 95 9 89 64 16 52 23 21 82 63 81 63 42 21 88 0 17 98 39 36 31 8 19 60 65 20 76 7 72 95 75 62 12 83 36 2 79 90 83 53 7 7 94 93 38 53 62 65 47
8 95 78 56 89 87 25 32 22 3 52 71 84 93 6 69 71 38 65 90 48 91 55 81 69 40 13 93 81 93 29 65 2 41 58 75 81 57 82 50 2 93 8 14 25 38 27 91 88 96 40 35 83 80 84 97 62 23 54 37 11 13 12 64 32 64 88 6 72 26 76 44 50 98 23 25 33 19 42 33 48 34 95 33 38 81 60 46 26 2 20 71 31 3 20 15 70
33 81 39 41 48 70 62 27 5 25 20 13 43 15 36 86 44 58 51 6 71 86 17 26 10 67 52 35 22 59 7 48 29 80 80 52 97 9 75 85 23 58 71 8 22 33 36 5 53 49 75 30 25 7 21 55 19 48 78 94 15 78 83 22 49 20 0 70 37 45 80 48 12 23 34 59 93 21 72 26 42 32 95 54 39 10 3 4 53 21 23 77 65 20 33 52 48 67
58 62 86 69 4 84 36 66 17 84 87 11 9 45 31 20 37 83 25 36 98 88 28 64 46 34 55 90 1 53 36 44 96 92 54 10 35 88 18 45 12 82 8 90 54 98 80 27 4 72 63 93 23 47 67 84 42 25 32 16 72 67 71 28 9 45 57 96 42 14 95 51 68 42 36 99 47 21 1 11 96 26 22 45 86 44 71 93 53 9 33 73 57 96 11 21 73 85 17
18 49 45 27 84 19 66 20 22 82 98 29 91 0 44 45 83 14 53 20 3 74 90 12 62 61 26 48 85 59 54 76 77 35 36 38 40 70 82 43 74 48 29 13 83 82 11 5 20 79 72 86 42 4 5 8 38 20 43 20 6 57 7 57 65 33 84 20 32 29 89 49 72 68 30 9 68 97 89 16 3 2 95 68 67 85 77 58 15 37 88 93 66 66 21 88 29 10 30 40